1 1
10 10
10 2
10 9
100 100
100 31
100 32
100 33
1000 1000
1000 558
1001 1001
1001 524
1001 976
1002 1002
1003 1003
1004 1004
1005 1005
1006 1006
1007 1006
1007 1007
1008 1008
1009 1009
1009 114
101 101
101 27
101 4
101 7
1010 1009
1010 1010
1011 1011
1012 1012
1013 1006
1013 1013
1014 1014
1015 1015
1016 1016
1017 1017
1018 1009
1018 1018
1019 1006
1019 1009
1019 1019
102 101
102 102
102 20
102 37
102 4
102 7
1020 1020
1021 1006
1021 1009
1021 1020
1021 1021
1022 1009
1022 1022
1023 1008
1023 1013
1023 1023
1024 1016
1024 1023
1024 1024
1025 1023
1025 1025
1026 1026
1026 224
1027 1002
1027 1023
1027 1026
1027 1027
1028 1025
1028 1027
1028 1028
1029 1013
1029 1015
1029 1017
1029 1029
1029 109
103 101
103 102
103 103
103 4
103 6
103 7
1030 1006
1030 1013
1030 1030
1031 1030
1031 1031
1032 1004
1032 1032
1033 1019
1033 1033
1034 1016
1034 1024
1034 1032
1034 1034
1035 1003
1035 1006
1035 1027
1035 1035
1036 1032
1036 1035
1036 1036
1037 1013
1037 1037
1038 1013
1038 1038
1039 1005
1039 1013
1039 1014
1039 1039
104 10
104 104
104 13
104 3
104 34
104 35
104 9
1040 1009
1040 1011
1040 1012
1040 1040
1041 1041
1041 647
1041 677
1042 1042
1042 648
1043 1043
1043 676
1044 1044
1045 1045
1045 651
1046 1046
1046 674
1047 1045
1047 1047
1047 532
1047 680
1048 1048
1048 653
1049 1049
1049 672
105 105
105 89
1050 1043
1050 1044
1050 1050
1050 660
1050 672
1050 675
1050 77
1051 1050
1051 1051
1051 646
1051 667
1052 1050
1052 1052
1052 672
1053 1044
1053 1053
1053 681
1054 1049
1054 1054
1054 652
1055 1055
1055 649
1055 657
1056 1051
1056 1055
1056 1056
1056 664
1057 1057
1057 654
1057 680
1058 1046
1058 1055
1058 1058
1058 660
1058 669
1058 672
1059 1059
1059 677
106 105
106 106
1060 1060
1060 645
1061 1059
1061 1061
1061 621
1062 1062
1063 1063
1063 70
1064 1064
1065 1065
1065 70
1066 1066
1067 1067
1068 1066
1068 1068
1068 527
1068 584
1068 609
1069 1068
1069 1069
107 107
1070 1070
1071 1067
1071 1071
1072 1062
1072 1072
1073 1073
1073 527
1074 1063
1074 1073
1074 1074
1074 527
1074 70
1075 1064
1075 1072
1075 1074
1075 1075
1076 1076
1077 1065
1077 1070
1077 1076
1077 1077
1078 1077
1078 1078
1079 1079
108 107
108 108
108 91
1080 1065
1080 1077
1080 1080
1081 1074
1081 1081
1082 1075
1082 1082
1083 1083
1084 1078
1084 1084
1085 1062
1085 1078
1085 1085
1086 1069
1086 1074
1086 1086
1087 1064
1087 1083
1087 1087
1088 1071
1088 1077
1088 1088
1089 1089
109 105
109 109
1090 1090
1090 577
1091 1090
1091 1091
1092 1068
1092 1092
1092 603
1093 1091
1093 1093
1094 1094
1094 636
1094 789
1095 1077
1095 1095
1095 65
1096 1095
1096 1096
1097 1097
1098 1093
1098 1098
1099 1098
1099 1099
11 11
11 3
110 108
110 110
1100 1095
1100 1097
1100 1100
1101 1100
1101 1101
1101 608
1102 1102
1103 1096
1103 1103
1104 1104
1105 1095
1105 1105
1105 599
1106 1089
1106 1106
1107 1096
1107 1107
1108 1091
1108 1108
1109 1106
1109 1109
111 110
111 111
1110 1110
1110 792
1111 1111
1112 1089
1112 1096
1112 1102
1112 1112
1113 1070
1113 1095
1113 1113
1114 1110
1114 1114
1114 798
1115 1114
1115 1115
1116 1114
1116 1116
1117 1079
1117 1117
1118 1104
1118 1118
1119 1104
1119 1111
1119 1119
1119 797
112 112
1120 1101
1120 1117
1120 1120
1121 1121
1121 670
1121 672
1122 1122
1122 813
1123 1123
1123 617
1123 884
1124 1124
1124 527
1125 1125
1125 895
1126 1126
1126 894
1127 1127
1127 776
1128 1128
1128 786
1129 1129
1129 901
113 112
113 113
1130 1130
1130 918
1131 1131
1132 1132
1132 788
1133 1133
1133 922
1134 1134
1134 936
1135 1124
1135 1129
1135 1135
1136 1122
1136 1131
1136 1136
1137 1137
1137 802
1138 1138
1138 805
114 113
114 114
115 113
115 115
115 89
115 91
116 116
116 91
117 116
117 117
118 118
119 118
119 119
119 74
12 11
12 12
120 120
121 120
121 121
121 72
122 121
122 122
123 119
123 122
123 123
124 122
124 124
125 123
125 124
125 125
125 52
126 116
126 125
126 126
126 85
127 124
127 127
127 76
128 127
128 128
129 125
129 126
129 129
129 62
13 13
130 130
130 61
131 131
131 64
132 131
132 132
133 130
133 131
133 133
134 133
134 134
135 135
136 131
136 135
136 136
137 137
138 138
139 135
139 137
139 139
14 14
140 139
140 140
141 136
141 137
141 138
141 141
142 142
143 143
144 132
144 143
144 144
145 145
145 96
146 146
146 43
147 146
147 147
148 147
148 148
149 149
15 15
150 150
151 151
152 152
153 153
154 154
155 155
156 156
157 157
158 158
159 159
16 15
16 16
160 160
161 161
162 162
163 162
163 163
164 164
165 165
166 149
166 164
166 165
166 166
167 165
167 167
168 168
169 162
169 169
17 15
17 17
170 170
171 171
172 160
172 172
173 130
173 150
173 172
173 173
174 174
175 151
175 165
175 167
175 175
176 176
177 176
177 177
178 171
178 176
178 178
179 175
179 179
18 15
18 18
180 152
180 168
180 180
181 181
182 159
182 182
182 70
183 153
183 181
183 182
183 183
183 66
184 173
184 183
184 184
185 185
186 163
186 186
187 169
187 185
187 186
187 187
188 170
188 187
188 188
189 189
19 15
19 19
190 190
191 191
192 166
192 192
193 184
193 193
194 165
194 170
194 194
195 191
195 195
196 196
196 70
197 191
197 197
198 155
198 191
198 193
198 198
199 190
199 192
199 193
199 199
2 2
20 20
200 200
201 163
201 166
201 183
201 200
201 201
201 68
202 200
202 202
203 179
203 202
203 203
204 204
204 75
205 159
205 182
205 205
206 187
206 206
207 154
207 176
207 177
207 207
208 193
208 207
208 208
209 162
209 168
209 180
209 187
209 209
21 20
21 21
210 210
211 174
211 189
211 191
211 195
211 211
212 197
212 211
212 212
213 130
213 156
213 184
213 213
214 178
214 214
215 210
215 215
216 174
216 189
216 194
216 206
216 216
217 171
217 178
217 210
217 214
217 217
218 166
218 186
218 192
218 201
218 210
218 216
218 218
219 157
219 219
22 21
22 22
220 192
220 219
220 220
221 182
221 205
221 221
222 161
222 172
222 221
222 222
223 162
223 223
224 207
224 224
225 221
225 222
225 225
226 158
226 183
226 226
226 64
226 66
227 163
227 227
228 227
228 228
229 228
229 229
23 21
23 23
230 219
230 230
231 228
231 231
232 162
232 223
232 228
232 231
232 232
233 160
233 222
233 233
234 234
235 235
236 234
236 235
236 236
237 237
238 238
239 238
239 239
24 21
24 24
240 240
241 241
241 86
242 241
242 242
243 235
243 243
244 242
244 244
245 242
245 245
246 241
246 246
247 247
248 247
248 248
249 249
25 21
25 25
250 250
251 251
251 86
252 252
252 93
253 241
253 253
253 86
254 254
255 247
255 248
255 254
255 255
256 256
257 241
257 250
257 257
258 142
258 255
258 258
259 240
259 259
26 26
26 8
260 255
260 260
261 237
261 258
261 261
262 262
262 95
263 250
263 255
263 263
264 264
264 93
264 94
265 265
266 241
266 266
267 251
267 267
267 86
268 262
268 268
268 95
268 97
269 269
269 86
27 27
27 4
270 235
270 238
270 239
270 268
270 270
271 271
271 93
272 235
272 244
272 272
273 273
274 273
274 274
275 241
275 270
275 275
276 262
276 265
276 276
277 277
278 259
278 278
279 241
279 270
279 279
28 27
28 28
280 270
280 280
281 239
281 281
282 249
282 267
282 282
283 283
283 86
284 267
284 269
284 284
285 254
285 277
285 285
286 236
286 286
287 237
287 287
288 288
288 93
289 241
289 250
289 260
289 277
289 289
29 27
29 29
290 256
290 290
291 241
291 288
291 291
291 86
292 241
292 283
292 292
292 93
293 241
293 293
293 86
293 93
294 241
294 294
294 86
294 93
295 295
296 296
297 296
297 297
298 235
298 245
298 295
298 298
299 235
299 241
299 297
299 299
3 3
30 27
30 30
300 265
300 300
300 95
301 268
301 301
302 267
302 302
302 86
303 273
303 303
304 304
305 304
305 305
306 306
307 234
307 266
307 307
308 308
309 237
309 278
309 309
31 31
310 241
310 246
310 252
310 310
311 264
311 311
312 274
312 303
312 312
313 252
313 313
314 262
314 301
314 314
315 273
315 304
315 305
315 312
315 315
315 86
316 315
316 316
317 250
317 256
317 317
318 145
318 270
318 318
318 94
319 315
319 319
32 31
32 32
320 270
320 320
321 241
321 256
321 321
322 306
322 316
322 322
322 93
323 308
323 315
323 323
323 93
324 324
324 93
325 324
325 325
325 93
325 94
326 311
326 326
326 93
327 241
327 258
327 327
328 110
328 328
329 304
329 319
329 329
33 33
330 330
331 331
332 332
333 333
334 334
335 330
335 335
336 331
336 336
337 332
337 335
337 336
337 337
338 337
338 338
339 337
339 339
34 13
34 3
34 34
340 337
340 338
340 339
340 340
341 340
341 341
342 340
342 341
342 342
343 342
343 343
344 342
344 344
345 342
345 345
346 343
346 344
346 345
346 346
347 346
347 347
348 347
348 348
349 346
349 348
349 349
35 26
35 3
35 35
35 8
350 333
350 334
350 349
350 350
351 351
352 352
353 352
353 353
354 354
355 355
356 356
357 357
358 358
359 359
36 36
360 360
361 361
362 362
363 353
363 363
364 363
364 364
365 363
365 365
366 142
366 237
366 351
366 366
367 110
367 111
367 346
367 367
368 111
368 367
368 368
369 369
37 20
37 37
37 6
37 7
370 110
370 112
370 342
370 370
371 369
371 371
372 367
372 371
372 372
373 363
373 373
374 363
374 374
375 355
375 375
376 375
376 376
377 375
377 377
378 375
378 378
379 375
379 379
38 11
38 38
380 375
380 380
381 375
381 381
382 353
382 354
382 382
383 354
383 356
383 383
384 383
384 384
385 383
385 385
386 383
386 386
387 383
387 387
388 363
388 388
389 375
389 388
389 389
39 38
39 39
390 388
390 390
391 388
391 391
392 383
392 392
393 393
394 357
394 394
395 357
395 363
395 388
395 392
395 394
395 395
396 396
397 397
398 356
398 395
398 398
399 395
399 399
4 4
40 40
400 400
401 388
401 401
402 401
402 402
403 362
403 403
404 375
404 404
405 388
405 395
405 405
406 395
406 396
406 406
407 363
407 395
407 407
408 352
408 408
409 352
409 404
409 409
41 40
41 41
410 410
411 15
411 410
411 411
412 38
412 410
412 412
413 14
413 412
413 413
413 99
414 414
415 415
416 416
416 79
417 417
417 79
418 418
419 418
419 419
42 41
42 42
420 420
421 420
421 421
422 420
422 422
423 423
424 424
425 423
425 425
425 54
426 425
426 426
427 425
427 427
428 428
429 428
429 429
43 40
43 43
430 428
430 430
431 414
431 428
431 431
432 415
432 428
432 432
433 414
433 415
433 416
433 417
433 433
434 433
434 434
435 435
436 436
437 426
437 437
438 437
438 438
439 437
439 439
44 41
44 44
440 439
440 440
441 437
441 441
442 441
442 442
443 443
444 443
444 444
445 445
445 54
446 445
446 446
447 445
447 447
447 54
447 80
448 448
448 81
449 447
449 449
45 40
45 45
450 449
450 450
450 81
451 450
451 451
452 452
452 78
452 80
453 452
453 453
454 454
454 79
455 454
455 455
456 456
457 456
457 457
458 437
458 444
458 458
459 458
459 459
46 46
460 439
460 458
460 460
461 460
461 461
462 416
462 417
462 462
463 462
463 463
464 448
464 464
464 81
465 464
465 465
466 424
466 425
466 466
467 466
467 467
468 468
469 469
47 47
470 420
470 443
470 470
471 471
472 471
472 472
473 400
473 473
474 359
474 363
474 393
474 395
474 473
474 474
475 3
475 475
476 411
476 476
477 411
477 477
478 103
478 412
478 471
478 477
478 478
479 358
479 361
479 393
479 406
479 479
48 46
48 47
48 48
480 361
480 479
480 480
481 471
481 481
482 476
482 482
483 406
483 482
483 483
484 481
484 484
485 481
485 485
486 411
486 44
486 486
487 487
488 488
489 489
49 45
49 49
490 490
491 481
491 485
491 487
491 488
491 491
492 471
492 481
492 489
492 490
492 491
492 492
493 493
494 494
495 495
496 496
497 497
498 498
499 499
5 1
5 5
50 49
50 50
500 499
500 500
501 501
502 501
502 502
503 503
504 121
504 213
504 504
505 494
505 501
505 504
505 505
506 443
506 48
506 506
507 501
507 503
507 507
508 507
508 508
509 507
509 509
51 50
51 51
510 433
510 435
510 510
511 509
511 511
512 512
513 495
513 503
513 513
514 513
514 514
515 507
515 509
515 515
516 423
516 424
516 443
516 515
516 516
517 515
517 517
518 515
518 518
519 426
519 519
52 50
52 52
520 509
520 510
520 512
520 520
521 496
521 501
521 505
521 507
521 521
522 497
522 507
522 521
522 522
523 498
523 522
523 523
524 524
525 525
526 505
526 526
527 526
527 527
528 528
529 528
529 529
53 49
53 53
530 530
531 501
531 526
531 531
532 531
532 532
533 524
533 533
534 436
534 509
534 531
534 534
535 534
535 535
536 501
536 515
536 534
536 536
537 447
537 536
537 537
538 536
538 538
539 536
539 539
54 48
54 53
54 54
540 513
540 540
541 541
542 534
542 536
542 542
543 469
543 541
543 542
543 543
544 468
544 543
544 544
545 418
545 464
545 542
545 545
546 125
546 542
546 546
547 507
547 515
547 547
548 548
549 549
55 53
55 55
550 550
551 548
551 551
552 551
552 552
553 34
553 503
553 553
554 532
554 554
555 551
555 555
556 555
556 556
557 555
557 557
558 552
558 557
558 558
559 556
559 559
56 56
560 552
560 560
561 553
561 561
562 561
562 562
563 1
563 2
563 549
563 562
563 563
564 433
564 456
564 555
564 564
565 565
566 11
566 550
566 551
566 555
566 561
566 566
567 563
567 565
567 566
567 567
568 525
568 568
569 569
57 57
570 570
571 571
572 572
573 573
574 554
574 574
575 575
576 576
577 577
578 505
578 530
578 578
579 556
579 559
579 570
579 579
58 58
580 579
580 580
581 575
581 581
582 523
582 576
582 582
583 530
583 583
584 584
585 584
585 585
586 586
587 580
587 587
588 588
589 589
59 59
590 590
591 589
591 591
592 592
593 593
594 594
595 588
595 590
595 595
596 596
597 586
597 588
597 596
597 597
598 587
598 598
599 599
6 6
60 60
600 594
600 600
601 591
601 600
601 601
602 601
602 602
603 596
603 603
604 593
604 603
604 604
605 603
605 605
606 606
607 502
607 585
607 596
607 605
607 607
608 608
609 502
609 609
61 61
610 606
610 608
610 610
611 592
611 611
612 604
612 612
613 502
613 585
613 613
614 587
614 614
615 604
615 611
615 615
616 590
616 616
617 617
618 618
619 508
619 619
62 62
620 619
620 620
621 556
621 621
622 622
623 623
624 621
624 624
625 622
625 625
626 626
627 627
628 628
629 618
629 629
63 56
63 63
630 630
631 628
631 630
631 631
632 620
632 632
633 601
633 633
634 626
634 632
634 634
635 625
635 626
635 630
635 635
636 635
636 636
637 629
637 637
638 624
638 638
639 508
639 618
639 623
639 627
639 639
64 63
64 64
640 602
640 640
641 622
641 632
641 641
642 623
642 628
642 642
643 629
643 643
644 644
645 645
646 646
647 532
647 647
648 648
649 649
65 63
65 65
650 645
650 650
651 651
652 532
652 644
652 652
653 650
653 652
653 653
654 654
655 655
656 656
657 655
657 657
658 658
659 585
659 659
66 57
66 66
660 660
661 661
662 644
662 662
663 532
663 652
663 663
664 646
664 664
665 655
665 665
666 652
666 666
667 667
668 532
668 652
668 668
669 669
67 59
67 66
67 67
670 651
670 670
671 658
671 671
672 532
672 649
672 658
672 662
672 672
673 532
673 672
673 673
674 674
675 674
675 675
676 652
676 676
677 532
677 654
677 659
677 661
677 677
678 648
678 656
678 677
678 678
679 669
679 671
679 679
68 60
68 66
68 67
68 68
680 680
681 666
681 681
682 665
682 672
682 682
683 683
684 684
685 685
686 112
686 686
687 686
687 687
688 686
688 688
689 683
689 684
689 688
689 689
69 67
69 69
690 113
690 690
691 685
691 690
691 691
692 691
692 692
693 689
693 693
694 688
694 690
694 694
695 691
695 693
695 694
695 695
696 300
696 696
697 690
697 697
698 697
698 698
699 366
699 688
699 699
7 4
7 6
7 7
70 58
70 69
70 70
700 688
700 699
700 700
701 111
701 701
702 237
702 688
702 702
703 145
703 703
704 318
704 704
704 96
705 705
705 96
706 706
707 471
707 492
707 493
707 706
707 707
708 471
708 478
708 708
709 412
709 478
709 484
709 708
709 709
71 64
71 71
710 35
710 475
710 553
710 710
711 36
711 711
712 712
713 713
714 362
714 401
714 479
714 712
714 713
714 714
715 360
715 714
715 715
716 396
716 397
716 406
716 716
717 396
717 397
717 406
717 716
717 717
718 718
719 719
72 71
72 72
720 720
721 721
722 722
723 723
724 412
724 475
724 711
724 718
724 719
724 720
724 721
724 722
724 723
724 724
724 8
725 100
725 724
725 725
726 479
726 707
726 726
727 727
728 727
728 728
729 729
73 72
73 73
730 729
730 730
731 410
731 486
731 727
731 728
731 729
731 730
731 731
732 100
732 732
733 481
733 484
733 733
734 491
734 711
734 714
734 724
734 734
735 735
736 736
737 737
738 738
739 739
74 66
74 68
74 74
740 135
740 740
741 740
741 741
742 132
742 736
742 738
742 740
742 742
743 143
743 161
743 222
743 735
743 737
743 742
743 743
744 739
744 740
744 744
745 143
745 745
746 743
746 745
746 746
747 747
748 747
748 748
749 741
749 749
75 74
75 75
750 750
751 750
751 751
752 752
753 749
753 753
754 754
755 172
755 755
756 744
756 756
757 748
757 752
757 754
757 756
757 757
758 747
758 758
759 741
759 750
759 759
76 74
76 76
760 760
761 137
761 760
761 761
762 752
762 762
763 762
763 763
764 755
764 764
765 754
765 765
766 761
766 766
767 761
767 767
768 766
768 768
769 768
769 769
77 76
77 77
770 523
770 770
771 771
772 768
772 771
772 772
773 568
773 773
774 773
774 774
775 775
776 571
776 581
776 775
776 776
777 777
778 778
779 523
779 778
779 779
78 74
78 76
78 78
780 530
780 578
780 583
780 779
780 780
781 508
781 775
781 776
781 781
782 579
782 600
782 782
783 572
783 579
783 782
783 783
784 576
784 784
785 569
785 785
786 577
786 785
786 786
787 779
787 787
788 785
788 788
789 788
789 789
79 78
79 79
790 514
790 790
791 790
791 791
792 792
793 777
793 793
794 793
794 794
795 514
795 568
795 773
795 777
795 790
795 794
795 795
796 573
796 581
796 630
796 776
796 785
796 788
796 796
797 530
797 581
797 776
797 780
797 785
797 797
798 797
798 798
799 581
799 792
799 796
799 799
8 8
80 74
80 80
800 540
800 777
800 794
800 800
801 773
801 801
802 523
802 577
802 773
802 784
802 785
802 802
803 530
803 583
803 797
803 803
804 803
804 804
805 797
805 805
806 806
807 807
808 808
809 528
809 538
809 809
81 80
81 81
810 75
810 810
811 810
811 811
812 812
813 813
814 814
815 814
815 815
816 816
817 816
817 817
818 817
818 818
819 499
819 528
819 819
82 82
820 819
820 820
821 806
821 821
822 822
823 770
823 823
824 824
825 793
825 824
825 825
826 143
826 826
827 144
827 827
828 828
829 140
829 829
83 83
830 140
830 830
831 831
832 832
833 829
833 830
833 833
834 834
835 835
836 836
837 828
837 837
838 828
838 838
839 829
839 839
84 84
840 830
840 840
841 831
841 841
842 832
842 842
843 833
843 843
844 834
844 844
845 835
845 845
846 836
846 846
847 847
848 847
848 848
849 849
85 85
850 850
851 851
852 852
853 853
854 849
854 854
855 850
855 855
856 851
856 856
857 852
857 857
858 851
858 858
859 838
859 859
86 86
860 838
860 860
861 860
861 861
862 835
862 862
863 849
863 862
863 863
864 849
864 864
865 864
865 865
866 866
867 867
868 868
869 831
869 832
869 836
869 852
869 863
869 864
869 866
869 868
869 869
87 85
87 86
87 87
870 869
870 870
871 868
871 870
871 871
872 872
873 848
873 850
873 858
873 873
874 828
874 834
874 874
875 875
876 853
876 875
876 876
877 138
877 866
877 868
877 870
877 877
878 867
878 874
878 877
878 878
879 879
88 87
88 88
880 822
880 880
881 881
882 138
882 872
882 873
882 875
882 879
882 881
882 882
883 877
883 883
884 884
885 535
885 813
885 822
885 885
886 886
887 807
887 887
888 821
888 888
889 889
89 89
890 890
891 890
891 891
892 892
893 892
893 893
894 894
895 579
895 886
895 895
896 887
896 896
897 808
897 821
897 887
897 896
897 897
898 898
899 892
899 899
9 5
9 9
90 68
90 90
900 899
900 900
901 901
902 902
903 556
903 903
904 904
905 904
905 905
906 902
906 906
907 817
907 907
908 532
908 890
908 899
908 908
909 554
909 812
909 814
909 909
91 90
91 91
910 909
910 910
911 911
912 532
912 908
912 911
912 912
913 897
913 901
913 913
914 499
914 511
914 538
914 885
914 898
914 914
915 915
916 916
917 889
917 890
917 897
917 908
917 917
918 532
918 75
918 810
918 814
918 885
918 917
918 918
919 918
919 919
92 91
92 92
920 809
920 920
921 527
921 821
921 894
921 921
922 906
922 922
923 907
923 921
923 923
924 888
924 921
924 924
925 924
925 925
926 511
926 898
926 915
926 926
927 579
927 816
927 886
927 892
927 908
927 921
927 927
928 927
928 928
929 928
929 929
93 92
93 93
930 917
930 922
930 930
931 930
931 931
932 932
933 527
933 921
933 933
934 933
934 934
935 822
935 914
935 935
936 894
936 936
937 502
937 884
937 886
937 921
937 927
937 928
937 936
937 937
938 914
938 938
939 904
939 906
939 939
94 82
94 83
94 93
94 94
940 813
940 919
940 940
941 941
942 933
942 942
943 943
944 897
944 904
944 943
944 944
945 945
946 946
947 935
947 947
948 538
948 948
949 780
949 787
949 932
949 949
95 84
95 95
950 950
951 950
951 951
952 948
952 952
953 538
953 953
954 940
954 941
954 954
955 948
955 950
955 953
955 955
956 950
956 956
957 519
957 948
957 957
958 948
958 957
958 958
959 954
959 959
96 94
96 96
960 952
960 960
961 945
961 961
962 961
962 962
963 914
963 961
963 963
964 538
964 948
964 964
965 946
965 951
965 965
966 962
966 966
967 519
967 957
967 967
968 465
968 961
968 965
968 968
969 951
969 965
969 969
97 95
97 97
970 969
970 970
971 966
971 971
972 963
972 971
972 972
973 957
973 960
973 973
974 974
975 951
975 975
976 976
977 976
977 977
978 978
979 558
979 979
98 38
98 6
98 98
980 558
980 560
980 980
981 981
982 981
982 982
983 974
983 979
983 983
984 981
984 984
985 524
985 985
986 558
986 983
986 986
987 903
987 985
987 987
988 988
989 558
989 976
989 978
989 985
989 989
99 39
99 99
990 989
990 990
991 558
991 916
991 991
992 991
992 992
993 517
993 988
993 993
994 993
994 994
995 517
995 988
995 995
996 996
997 995
997 996
997 997
998 558
998 981
998 995
998 997
998 998
999 987
999 999
